429396341.000000	1.403422	0.929070	-0.003471	0.000000
429396360.000000	1.418682	2.395072	-0.003471	0.000000
429396381.000000	1.372901	2.863378	-0.003471	0.000000
429396400.000000	1.423769	3.173885	-0.008556	0.000000
429396420.000000	1.383075	3.224788	-0.003471	0.000000
429396440.000000	1.393249	3.479303	-0.003471	0.000000
429396460.000000	1.418682	3.682914	-0.003471	0.000000
429396481.000000	1.413596	3.876345	-0.003471	0.000000
429396500.000000	1.398335	3.815261	-0.003471	0.000000
429396521.000000	1.372901	4.115588	-0.003471	0.000000
429396540.000000	1.383075	4.319200	-0.003471	0.000000
429396560.000000	1.408509	4.395554	-0.003471	0.000000
429396580.000000	1.423769	4.461728	-0.003471	0.000000
429396600.000000	1.398335	4.487179	-0.003471	0.000000
429396621.000000	1.377988	4.482089	-0.003471	0.000000
429396640.000000	1.383075	4.451547	0.001615	0.000000
429396660.000000	1.413596	4.385373	-0.003471	0.000000
429396681.000000	1.418682	4.278477	-0.003471	0.000000
429396701.000000	1.383075	4.156311	-0.003471	0.000000
429396721.000000	1.377988	4.018873	0.001615	0.000000
429396741.000000	1.403422	3.830532	-0.003471	0.000000
429396761.000000	1.418682	3.632011	-0.003471	0.000000
429396780.000000	1.423769	3.433490	0.001615	0.000000
429396800.000000	1.377988	3.153524	-0.003471	0.000000
429396821.000000	1.388162	2.914281	0.001615	0.000000
429396840.000000	1.377988	2.720850	-0.003471	0.000000
429396860.000000	1.413596	2.481607	-0.003471	0.000000
429396881.000000	1.428856	2.237273	-0.003471	0.000000
429396900.000000	1.393249	1.977668	0.001615	0.000000
429396921.000000	1.372901	1.738425	-0.003471	0.000000
429396941.000000	1.388162	1.529723	-0.003471	0.000000
429396960.000000	1.403422	1.321022	-0.003471	0.000000
429396980.000000	1.423769	1.132681	-0.003471	0.000000
429397000.000000	1.408509	0.954521	-0.003471	0.000000
429397020.000000	1.383075	0.811993	-0.003471	0.000000
429397040.000000	1.377988	0.684736	-0.003471	0.000000
429397060.000000	1.403422	0.593111	-0.003471	0.000000
429397080.000000	1.428856	0.532028	-0.003471	0.000000
429397100.000000	1.408509	0.501486	-0.003471	0.000000
429397120.000000	1.377988	0.501486	-0.003471	0.000000
429397140.000000	1.393249	0.537118	0.001615	0.000000
429397161.000000	1.398335	0.623653	-0.003471	0.000000
429397180.000000	1.418682	0.705097	-0.003471	0.000000
429397200.000000	1.398335	0.822174	-0.003471	0.000000
429397220.000000	1.377988	0.974882	0.001615	0.000000
429397240.000000	1.377988	1.147952	0.001615	0.000000
429397260.000000	1.418682	1.336293	0.001615	0.000000
429397280.000000	1.428856	1.544994	-0.003471	0.000000
429397301.000000	1.388162	1.794418	-0.003471	0.000000
429397320.000000	1.377988	2.003120	-0.003471	0.000000
429397340.000000	1.388162	2.262724	-0.003471	0.000000
429397360.000000	1.413596	2.507058	-0.003471	0.000000
429397380.000000	1.418682	2.771753	0.001615	0.000000
429397400.000000	1.393249	3.026267	0.001615	0.000000
429397422.000000	1.418682	3.311323	-0.003471	0.000000
429397440.000000	1.418682	3.469122	-0.003471	0.000000
429397461.000000	1.423769	3.672733	-0.003471	0.000000
429397480.000000	1.418682	3.881435	-0.003471	0.000000
429397500.000000	1.393249	4.064685	-0.003471	0.000000
429397520.000000	1.372901	4.191943	-0.003471	0.000000
429397541.000000	1.403422	4.319200	-0.003471	0.000000
429397560.000000	1.418682	4.400644	-0.003471	0.000000
429397580.000000	1.433943	4.466818	-0.003471	0.000000
429397600.000000	1.393249	4.492269	0.001615	0.000000
429397620.000000	1.372901	4.487179	0.001615	0.000000
429397640.000000	1.393249	4.451547	-0.003471	0.000000
429397660.000000	1.423769	4.380283	0.001615	0.000000
429397682.000000	1.408509	4.283568	-0.003471	0.000000
429397701.000000	1.383075	4.156311	-0.003471	0.000000
429397721.000000	1.377988	4.018873	0.001615	0.000000
429397741.000000	1.388162	3.845803	-0.003471	0.000000
429397760.000000	1.423769	3.637101	-0.003471	0.000000
429397781.000000	1.423769	3.418219	-0.003471	0.000000
429397801.000000	1.388162	3.199337	-0.003471	0.000000
429397821.000000	1.372901	2.944823	-0.003471	0.000000
429397841.000000	1.393249	2.725940	0.001615	0.000000
429397860.000000	1.413596	2.491787	-0.003471	0.000000
429397880.000000	1.418682	2.201641	0.001615	0.000000
429397900.000000	1.398335	1.972578	-0.003471	0.000000
429397920.000000	1.377988	1.763877	-0.003471	0.000000
429397940.000000	1.393249	1.509362	-0.003471	0.000000
429397960.000000	1.418682	1.305751	-0.003471	0.000000
429397980.000000	1.428856	1.117410	-0.003471	0.000000
429398000.000000	1.393249	0.949431	0.001615	0.000000
429398020.000000	1.372901	0.801813	0.001615	0.000000
429398041.000000	1.388162	0.689826	-0.003471	0.000000
429398060.000000	1.423769	0.593111	-0.003471	0.000000
429398080.000000	1.423769	0.532028	-0.003471	0.000000
429398101.000000	1.383075	0.501486	-0.003471	0.000000
429398120.000000	1.377988	0.501486	0.001615	0.000000
429398140.000000	1.383075	0.532028	0.001615	0.000000
429398160.000000	1.408509	0.593111	-0.003471	0.000000
429398180.000000	1.418682	0.689826	-0.003471	0.000000
429398200.000000	1.398335	0.811993	0.001615	0.000000
429398220.000000	1.383075	0.959611	-0.003471	0.000000
429398240.000000	1.383075	1.127591	0.001615	0.000000
429398260.000000	1.418682	1.321022	-0.003471	0.000000
429398280.000000	1.428856	1.539904	-0.003471	0.000000
429398301.000000	1.377988	1.809689	-0.003471	0.000000
429398320.000000	1.377988	2.003120	-0.003471	0.000000
429398340.000000	1.388162	2.125287	0.001615	0.000000
429398360.000000	1.418682	2.466336	-0.003471	0.000000
429398380.000000	1.418682	2.761572	-0.003471	0.000000
429398400.000000	1.398335	2.832836	-0.003471	0.000000
429398420.000000	1.372901	3.163705	-0.003471	0.000000
429398440.000000	1.383075	3.479303	-0.003471	0.000000
429398460.000000	1.423769	3.693095	-0.003471	0.000000
429398480.000000	1.413596	3.876345	0.001615	0.000000
429398500.000000	1.388162	4.059595	-0.003471	0.000000
429398520.000000	1.383075	3.967970	-0.003471	0.000000
429398540.000000	1.383075	4.212304	0.001615	0.000000
429398560.000000	4.415915	-0.003471	0.000000	0.000000
429398580.000000	1.418682	4.461728	-0.003471	0.000000
429398601.000000	1.388162	4.487179	-0.003471	0.000000
429398620.000000	1.377988	4.487179	-0.003471	0.000000
429398640.000000	1.403422	4.451547	0.001615	0.000000
429398660.000000	1.418682	4.385373	-0.003471	0.000000
429398680.000000	1.418682	4.217394	-0.003471	0.000000
429398700.000000	1.398335	4.181762	-0.003471	0.000000
429398720.000000	1.398335	3.886525	0.001615	0.000000
429398740.000000	1.418682	3.805081	-0.003471	0.000000
429398760.000000	1.393249	3.560747	-0.003471	0.000000
429398781.000000	1.403422	3.423309	-0.003471	0.000000
429398800.000000	1.393249	3.199337	-0.003471	0.000000
429398821.000000	1.372901	2.965184	-0.003471	0.000000
429398840.000000	1.393249	2.720850	-0.003471	0.000000
429398860.000000	1.418682	2.486697	0.001615	0.000000
429398880.000000	1.423769	2.237273	-0.003471	0.000000
429398900.000000	1.398335	1.977668	-0.003471	0.000000
429398920.000000	1.418682	1.651890	-0.003471	0.000000
429398940.000000	1.418682	1.494091	-0.003471	0.000000
429398961.000000	1.423769	1.300661	-0.003471	0.000000
429398980.000000	1.393249	1.081778	-0.003471	0.000000
429399000.000000	1.383075	0.974882	-0.003471	0.000000
429399020.000000	1.383075	0.796722	-0.003471	0.000000
429399041.000000	1.393249	0.689826	-0.003471	0.000000
429399061.000000	1.428856	0.588021	-0.003471	0.000000
429399080.000000	1.367815	0.521847	-0.003471	0.000000
429399100.000000	1.377988	0.501486	0.001615	0.000000
429399121.000000	1.372901	0.476034	-0.003471	0.000000
429399141.000000	1.403422	0.516757	-0.003471	0.000000
429399160.000000	1.418682	0.598201	-0.003471	0.000000
429399180.000000	1.418682	0.700007	-0.003471	0.000000
429399201.000000	1.388162	0.817083	-0.003471	0.000000
429399220.000000	1.418682	1.035966	-0.003471	0.000000
429399241.000000	1.403422	1.132681	-0.003471	0.000000
429399261.000000	1.428856	1.326112	-0.003471	0.000000
429399280.000000	1.408509	1.560265	-0.003471	0.000000
429399300.000000	1.388162	1.662071	-0.003471	0.000000
429399321.000000	1.408509	2.059113	0.001615	0.000000
429399340.000000	1.408509	2.313627	-0.003471	0.000000
429399361.000000	1.423769	2.705579	-0.003471	0.000000
429399383.000000	1.388162	2.766663	-0.003471	0.000000
429399400.000000	1.388162	2.995726	-0.003471	0.000000
429399420.000000	1.372901	3.250240	0.001615	0.000000
429399440.000000	1.423769	3.545476	0.001615	0.000000
429399460.000000	1.398335	3.820352	-0.003471	0.000000
429399480.000000	1.398335	3.891616	-0.003471	0.000000
429399501.000000	1.372901	4.059595	-0.003471	0.000000
429399521.000000	1.377988	4.186852	0.001615	0.000000
429399540.000000	1.398335	4.309019	-0.003471	0.000000
429399560.000000	1.418682	4.400644	-0.003471	0.000000
429399580.000000	1.418682	4.191943	-0.003471	0.000000
429399601.000000	1.383075	4.426096	-0.003471	0.000000
429399620.000000	1.377988	4.502450	-0.003471	0.000000
429399640.000000	1.398335	4.446457	-0.003471	0.000000
429399660.000000	1.418682	4.385373	-0.003471	0.000000
429399680.000000	1.423769	4.288658	-0.003471	0.000000
429399700.000000	1.383075	4.156311	0.001615	0.000000
429399720.000000	1.372901	4.008692	-0.003471	0.000000
429399741.000000	1.408509	3.835623	0.001615	0.000000
429399761.000000	1.423769	3.642192	-0.003471	0.000000
429399780.000000	1.423769	3.423309	-0.003471	0.000000
429399801.000000	1.383075	3.209517	-0.003471	0.000000
429399820.000000	1.377988	2.975364	-0.003471	0.000000
429399841.000000	1.413596	2.690308	-0.003471	0.000000
429399860.000000	1.423769	2.471426	-0.003471	0.000000
429399880.000000	1.423769	2.232183	-0.008556	0.000000
429399901.000000	1.372901	1.962398	-0.003471	0.000000
429399920.000000	1.377988	1.748606	-0.003471	0.000000
429399941.000000	1.403422	1.514453	-0.003471	0.000000
429399961.000000	1.428856	1.305751	-0.003471	0.000000
429399980.000000	1.413596	1.122501	-0.003471	0.000000
429400001.000000	1.383075	0.944341	-0.003471	0.000000
429400020.000000	1.377988	0.806903	-0.003471	0.000000
429400040.000000	1.403422	0.674556	0.001615	0.000000
429400060.000000	1.413596	0.593111	-0.003471	0.000000
429400081.000000	1.418682	0.526937	0.001615	0.000000
429400100.000000	1.377988	0.496396	0.001615	0.000000
429400121.000000	1.393249	0.501486	0.001615	0.000000
429400140.000000	1.403422	0.537118	-0.003471	0.000000
429400161.000000	1.423769	0.598201	0.001615	0.000000
429400182.000000	1.398335	0.700007	0.001615	0.000000
429400200.000000	1.383075	0.822174	-0.003471	0.000000
429400220.000000	1.372901	0.974882	0.001615	0.000000
429400240.000000	1.383075	1.127591	-0.003471	0.000000
429400260.000000	1.423769	1.336293	-0.003471	0.000000
429400280.000000	1.418682	1.555175	-0.003471	0.000000
429400301.000000	1.383075	1.789328	-0.003471	0.000000
429400321.000000	1.377988	2.018391	-0.003471	0.000000
429400341.000000	1.408509	2.267815	-0.003471	0.000000
429400360.000000	1.423769	2.501968	-0.003471	0.000000
429400380.000000	1.423769	2.761572	-0.003471	0.000000
429400401.000000	1.367815	3.010996	-0.003471	0.000000
429400421.000000	1.383075	3.250240	-0.003471	0.000000
429400440.000000	1.403422	3.464032	0.001615	0.000000
429400461.000000	1.428856	3.672733	-0.003471	0.000000
429400480.000000	1.418682	3.876345	-0.003471	0.000000
429400500.000000	1.388162	4.049415	-0.003471	0.000000
429400520.000000	1.377988	4.197033	0.001615	0.000000
429400540.000000	1.403422	4.319200	-0.003471	0.000000
429400560.000000	1.418682	4.405734	0.001615	0.000000
429400580.000000	1.418682	4.461728	0.001615	0.000000
429400601.000000	1.372901	4.487179	-0.003471	0.000000
429400620.000000	1.372901	4.487179	-0.008556	0.000000
429400640.000000	1.423769	4.436276	-0.003471	0.000000
429400661.000000	1.423769	4.303929	-0.003471	0.000000
429400685.000000	1.377988	4.278477	-0.003471	0.000000
429400700.000000	1.398335	4.186852	-0.003471	0.000000
429400720.000000	1.377988	4.003602	-0.003471	0.000000
429400741.000000	1.408509	3.840713	-0.003471	0.000000
429400760.000000	1.428856	3.637101	-0.003471	0.000000
429400780.000000	1.418682	3.433490	0.001615	0.000000
429400800.000000	1.393249	3.219698	-0.003471	0.000000
429400820.000000	1.383075	2.955003	-0.003471	0.000000
429400840.000000	1.398335	2.725940	-0.003471	0.000000
429400861.000000	1.418682	2.461246	0.001615	0.000000
429400881.000000	1.408509	2.216912	-0.003471	0.000000
429400900.000000	1.393249	1.926766	-0.003471	0.000000
429400921.000000	1.377988	1.774057	-0.003471	0.000000
429400940.000000	1.428856	1.453369	-0.003471	0.000000
429400960.000000	1.423769	1.315931	-0.003471	0.000000
429400980.000000	1.423769	1.137771	-0.003471	0.000000
429401000.000000	1.398335	0.959611	-0.003471	0.000000
429401020.000000	1.372901	0.801813	-0.003471	0.000000
429401040.000000	1.388162	0.689826	-0.003471	0.000000
429401061.000000	1.423769	0.588021	-0.003471	0.000000
429401081.000000	1.377988	0.526937	-0.003471	0.000000
429401101.000000	1.388162	0.501486	-0.003471	0.000000
429401120.000000	1.372901	0.496396	-0.003471	0.000000
429401150.000000	1.383075	0.542208	-0.003471	0.000000
429401160.000000	1.428856	0.588021	-0.003471	0.000000
429401180.000000	1.372901	0.730549	-0.003471	0.000000
429401200.000000	1.377988	0.852715	-0.003471	0.000000
429401221.000000	1.372901	0.964702	-0.003471	0.000000
429401240.000000	1.403422	1.147952	-0.003471	0.000000
429401262.000000	1.383075	1.371925	-0.003471	0.000000
429401280.000000	1.372901	1.575536	0.001615	0.000000
429401300.000000	1.372901	1.824960	-0.003471	0.000000
429401320.000000	1.393249	2.135467	-0.003471	0.000000
429401340.000000	1.408509	2.242363	0.001615	0.000000
429401360.000000	1.423769	2.522329	-0.003471	0.000000
429401380.000000	1.408509	2.766663	-0.003471	0.000000
429401400.000000	1.383075	3.005906	-0.003471	0.000000
429401421.000000	1.377988	3.245149	-0.003471	0.000000
429401440.000000	1.403422	3.479303	0.001615	0.000000
429401460.000000	1.423769	3.693095	0.001615	0.000000
429401481.000000	1.403422	3.876345	-0.003471	0.000000
429401500.000000	1.383075	4.049415	-0.003471	0.000000
429401520.000000	1.423769	4.237755	-0.003471	0.000000
429401540.000000	1.372901	4.380283	-0.003471	0.000000
429401561.000000	1.418682	4.410825	-0.003471	0.000000
429401580.000000	1.418682	4.461728	-0.003471	0.000000
429401601.000000	1.383075	4.487179	-0.003471	0.000000
429401620.000000	1.388162	4.471908	-0.003471	0.000000
429401640.000000	4.436276	-0.003471	0.000000	0.000000
429401660.000000	1.418682	4.380283	-0.003471	0.000000
429401680.000000	1.428856	4.288658	-0.003471	0.000000
429401700.000000	1.388162	4.161401	-0.003471	0.000000
429401721.000000	1.383075	4.003602	-0.003471	0.000000
429401741.000000	1.418682	3.830532	-0.003471	0.000000
429401761.000000	1.423769	3.642192	-0.003471	0.000000
429401780.000000	1.408509	3.306233	0.001615	0.000000
429401800.000000	1.403422	3.016087	0.001615	0.000000
429401820.000000	1.383075	2.980455	-0.003471	0.000000
429401841.000000	1.408509	2.705579	-0.003471	0.000000
429401861.000000	1.388162	2.405252	-0.003471	0.000000
429401881.000000	1.428856	2.191460	0.001615	0.000000
429401900.000000	1.372901	2.043842	-0.003471	0.000000
429401920.000000	1.377988	1.743515	-0.003471	0.000000
429401941.000000	1.413596	1.509362	-0.003471	0.000000
429401960.000000	1.418682	1.321022	-0.003471	0.000000
429401980.000000	1.423769	1.122501	0.001615	0.000000
429402000.000000	1.398335	0.954521	-0.003471	0.000000
429402021.000000	1.383075	0.801813	-0.003471	0.000000
429402040.000000	1.408509	0.679646	-0.003471	0.000000
429402061.000000	1.398335	0.577840	-0.003471	0.000000
429402081.000000	1.413596	0.537118	0.001615	0.000000
429402101.000000	1.377988	0.496396	-0.003471	0.000000
429402122.000000	1.383075	0.496396	-0.003471	0.000000
429402141.000000	1.408509	0.537118	-0.003471	0.000000
429402161.000000	1.418682	0.603292	-0.003471	0.000000
429402180.000000	1.418682	0.684736	-0.003471	0.000000
429402200.000000	1.393249	0.806903	-0.003471	0.000000
429402221.000000	1.403422	0.979973	-0.003471	0.000000
429402240.000000	1.408509	1.147952	-0.003471	0.000000
429402261.000000	1.341383	-0.003471	0.000000	0.000000
429402280.000000	1.393249	1.539904	0.001615	0.000000
429402301.000000	1.383075	1.768967	-0.003471	0.000000
429402320.000000	1.372901	1.998030	-0.003471	0.000000
429402341.000000	1.408509	2.262724	0.001615	0.000000
429402360.000000	1.423769	2.507058	-0.003471	0.000000
429402380.000000	1.383075	2.827746	-0.003471	0.000000
429402400.000000	1.423769	3.143344	0.001615	0.000000
429402421.000000	1.418682	3.362226	-0.003471	0.000000
429402440.000000	1.403422	3.469122	-0.003471	0.000000
429402461.000000	1.428856	3.693095	-0.003471	0.000000
429402481.000000	1.398335	3.876345	-0.003471	0.000000
429402500.000000	1.367815	4.044324	-0.003471	0.000000
429402521.000000	1.388162	4.202123	0.001615	0.000000
429402541.000000	1.403422	4.314109	-0.003471	0.000000
429402560.000000	1.428856	4.400644	0.001615	0.000000
429402580.000000	1.408509	4.461728	-0.003471	0.000000
429402601.000000	1.377988	4.487179	-0.003471	0.000000
429402620.000000	1.372901	4.482089	-0.003471	0.000000
429402640.000000	1.413596	4.446457	-0.003471	0.000000
429402660.000000	1.428856	4.380283	-0.003471	0.000000
429402681.000000	1.398335	4.283568	-0.003471	0.000000
429402701.000000	1.383075	4.161401	-0.003471	0.000000
429402720.000000	1.383075	4.018873	-0.003471	0.000000
429402741.000000	1.418682	3.830532	-0.003471	0.000000
429402760.000000	1.423769	3.642192	-0.003471	0.000000
429402780.000000	1.403422	3.418219	-0.003471	0.000000
429402801.000000	1.383075	3.194247	-0.003471	0.000000
429402820.000000	1.398335	2.858288	-0.003471	0.000000
429402840.000000	1.423769	2.685218	-0.003471	0.000000
429402860.000000	1.423769	2.456155	-0.003471	0.000000
429402880.000000	1.408509	2.232183	-0.003471	0.000000
429402901.000000	1.372901	1.972578	0.001615	0.000000
429402920.000000	1.388162	1.723154	-0.003471	0.000000
429402940.000000	1.408509	1.509362	-0.003471	0.000000
429402961.000000	1.418682	1.300661	-0.003471	0.000000
429402981.000000	1.372901	1.091959	-0.003471	0.000000
429403000.000000	1.428856	0.893438	-0.003471	0.000000
429403021.000000	1.383075	0.817083	-0.003471	0.000000
429403041.000000	1.408509	0.684736	-0.003471	0.000000
429403060.000000	1.418682	0.588021	-0.003471	0.000000
429403080.000000	1.423769	0.532028	-0.003471	0.000000
429403101.000000	1.377988	0.501486	-0.003471	0.000000
429403120.000000	1.377988	0.506576	-0.003471	0.000000
429403140.000000	1.408509	0.542208	-0.003471	0.000000
429403161.000000	1.372901	0.633833	-0.003471	0.000000
429403180.000000	1.398335	0.700007	-0.003471	0.000000
429403200.000000	1.377988	0.822174	0.001615	0.000000
429403221.000000	1.393249	0.974882	0.001615	0.000000
429403240.000000	1.413596	1.066507	-0.003471	0.000000
429403260.000000	1.372901	1.361744	-0.003471	0.000000
429403281.000000	1.372901	1.580626	-0.003471	0.000000
429403300.000000	1.372901	1.774057	-0.003471	0.000000
429403320.000000	1.377988	2.023481	-0.003471	0.000000
429403340.000000	1.403422	2.267815	-0.003471	0.000000
429403360.000000	1.423769	2.517239	-0.003471	0.000000
429403380.000000	1.408509	2.756482	0.001615	0.000000
429403400.000000	1.372901	3.026267	-0.003471	0.000000
429403420.000000	1.383075	3.265511	-0.003471	0.000000
429403441.000000	1.418682	3.479303	-0.003471	0.000000
429403460.000000	1.423769	3.682914	-0.003471	0.000000
429403480.000000	1.413596	3.871255	-0.003471	0.000000
429403501.000000	1.377988	3.815261	-0.003471	0.000000
429403520.000000	1.423769	4.222484	-0.003471	0.000000
429403541.000000	1.393249	4.380283	-0.003471	0.000000
429403561.000000	1.418682	4.400644	-0.003471	0.000000
429403580.000000	1.413596	4.456637	-0.003471	0.000000
429403601.000000	1.372901	4.487179	-0.003471	0.000000
429403620.000000	1.367815	4.487179	0.001615	0.000000
429403640.000000	1.408509	4.446457	-0.003471	0.000000
429403660.000000	1.423769	4.385373	-0.003471	0.000000
429403680.000000	1.398335	4.283568	0.001615	0.000000
429403701.000000	1.383075	4.171581	-0.003471	0.000000
429403720.000000	1.383075	4.013783	-0.003471	0.000000
429403742.000000	1.413596	3.845803	-0.003471	0.000000
429403760.000000	1.393249	3.596379	-0.003471	0.000000
429403780.000000	1.423769	3.260420	-0.003471	0.000000
429403800.000000	1.383075	3.219698	-0.003471	0.000000
429403820.000000	1.383075	2.965184	-0.003471	0.000000
429403840.000000	1.408509	2.725940	-0.003471	0.000000
429403860.000000	1.423769	2.471426	-0.003471	0.000000
429403880.000000	1.413596	2.216912	-0.003471	0.000000
429403901.000000	1.372901	1.972578	-0.003471	0.000000
429403921.000000	1.393249	1.748606	-0.003471	0.000000
429403940.000000	1.408509	1.534814	0.001615	0.000000
429403961.000000	1.428856	1.315931	0.001615	0.000000
429403981.000000	1.393249	1.122501	-0.003471	0.000000
429404000.000000	1.372901	0.949431	-0.003471	0.000000
429404021.000000	1.393249	0.791632	-0.003471	0.000000
429404040.000000	1.403422	0.684736	-0.003471	0.000000
429404060.000000	1.423769	0.598201	0.001615	0.000000
429404081.000000	1.377988	0.516757	-0.003471	0.000000
429404101.000000	1.423769	0.501486	-0.003471	0.000000
429404121.000000	1.372901	0.521847	-0.003471	0.000000
429404140.000000	1.403422	0.532028	-0.003471	0.000000
429404161.000000	1.423769	0.598201	0.001615	0.000000
429404181.000000	1.393249	0.700007	0.001615	0.000000
429404200.000000	1.377988	0.827264	0.001615	0.000000
429404220.000000	1.383075	0.964702	-0.003471	0.000000
429404241.000000	1.423769	1.142862	-0.003471	0.000000
429404260.000000	1.423769	1.331202	-0.003471	0.000000
429404280.000000	1.398335	1.550085	-0.003471	0.000000
429404301.000000	1.372901	1.794418	0.001615	0.000000
429404320.000000	1.408509	2.018391	0.001615	0.000000
429404340.000000	1.418682	2.267815	-0.003471	0.000000
429404360.000000	1.423769	2.517239	-0.003471	0.000000
429404380.000000	1.398335	2.771753	-0.003471	0.000000
429404401.000000	1.377988	3.016087	-0.003471	0.000000
429404421.000000	1.403422	3.250240	0.001615	0.000000
429404441.000000	1.428856	3.474212	-0.003471	0.000000
429404460.000000	1.423769	3.682914	0.001615	0.000000
429404480.000000	1.413596	3.866164	-0.003471	0.000000
429404500.000000	1.372901	4.054505	-0.003471	0.000000
429404520.000000	1.377988	4.186852	-0.003471	0.000000
429404540.000000	1.418682	4.314109	-0.003471	0.000000
429404560.000000	1.423769	4.395554	-0.003471	0.000000
429404580.000000	1.398335	4.461728	0.001615	0.000000
429404601.000000	1.377988	4.492269	0.001615	0.000000
429404620.000000	1.377988	4.487179	-0.003471	0.000000
429404640.000000	1.408509	4.446457	-0.003471	0.000000
429404661.000000	1.423769	4.375193	0.001615	0.000000
429404680.000000	1.418682	4.293748	-0.003471	0.000000
429404700.000000	1.383075	4.161401	-0.003471	0.000000
429404720.000000	1.383075	4.008692	-0.003471	0.000000
429404740.000000	1.413596	3.825442	-0.003471	0.000000
429404760.000000	1.423769	3.647282	-0.003471	0.000000
429404780.000000	1.398335	3.428400	-0.003471	0.000000
429404800.000000	1.377988	3.189156	-0.003471	0.000000
429404821.000000	1.383075	2.955003	-0.003471	0.000000
429404841.000000	1.423769	2.700489	-0.003471	0.000000
429404860.000000	1.418682	2.471426	0.001615	0.000000
429404881.000000	1.393249	2.211822	-0.003471	0.000000
429404901.000000	1.377988	1.967488	-0.003471	0.000000
429404921.000000	1.403422	1.743515	-0.003471	0.000000
429404941.000000	1.423769	1.504272	-0.003471	0.000000
429404960.000000	1.403422	1.265029	-0.003471	0.000000
429404980.000000	1.403422	1.127591	0.001615	0.000000
429405000.000000	1.367815	0.954521	-0.003471	0.000000
429405021.000000	1.398335	0.796722	-0.003471	0.000000
429405040.000000	1.408509	0.689826	-0.003471	0.000000
429405060.000000	1.418682	0.598201	-0.003471	0.000000
429405080.000000	1.398335	0.532028	-0.003471	0.000000
429405100.000000	1.383075	0.501486	-0.003471	0.000000
429405120.000000	1.383075	0.501486	-0.003471	0.000000
429405140.000000	1.408509	0.537118	-0.003471	0.000000
429405160.000000	1.423769	0.598201	0.001615	0.000000
429405180.000000	1.408509	0.700007	-0.003471	0.000000
429405201.000000	1.377988	0.827264	-0.003471	0.000000
429405220.000000	1.383075	0.964702	-0.003471	0.000000
429405240.000000	1.403422	1.127591	-0.003471	0.000000
429405261.000000	1.418682	1.453369	0.001615	0.000000
429405281.000000	1.377988	1.550085	-0.003471	0.000000
429405300.000000	1.383075	1.748606	-0.003471	0.000000
429405321.000000	1.393249	2.013300	-0.003471	0.000000
429405341.000000	1.423769	2.267815	-0.003471	0.000000
429405361.000000	1.418682	2.517239	0.001615	0.000000
429405380.000000	1.403422	2.741211	-0.003471	0.000000
429405400.000000	1.377988	3.010996	0.001615	0.000000
429405420.000000	1.393249	3.250240	-0.003471	0.000000
429405440.000000	1.418682	3.265511	0.001615	0.000000
429405461.000000	1.423769	3.626921	-0.003471	0.000000
429405481.000000	1.398335	3.881435	-0.003471	0.000000
429405501.000000	1.377988	4.049415	0.001615	0.000000
429405521.000000	1.398335	4.191943	-0.003471	0.000000
429405540.000000	1.418682	4.309019	-0.003471	0.000000
429405560.000000	1.423769	4.405734	-0.003471	0.000000
429405580.000000	1.398335	4.461728	-0.003471	0.000000
429405601.000000	1.377988	4.487179	-0.003471	0.000000
429405620.000000	1.388162	4.482089	-0.003471	0.000000
429405640.000000	1.423769	4.451547	-0.003471	0.000000
429405661.000000	1.383075	4.354832	-0.003471	0.000000
429405680.000000	1.388162	4.283568	-0.003471	0.000000
429405700.000000	1.372901	4.156311	-0.003471	0.000000
429405720.000000	1.367815	4.013783	0.001615	0.000000
429405740.000000	1.413596	3.840713	-0.003471	0.000000
429405760.000000	1.418682	3.637101	-0.003471	0.000000
429405781.000000	1.388162	3.423309	-0.003471	0.000000
429405800.000000	1.383075	3.199337	-0.003471	0.000000
429405820.000000	1.423769	2.914281	0.001615	0.000000
429405840.000000	1.377988	2.573232	-0.003471	0.000000
429405860.000000	1.423769	2.486697	-0.003471	0.000000
429405881.000000	1.393249	2.227092	-0.003471	0.000000
429405901.000000	1.372901	1.972578	-0.003471	0.000000
429405920.000000	1.388162	1.743515	-0.003471	0.000000
429405940.000000	1.413596	1.519543	-0.003471	0.000000
429405961.000000	1.423769	1.305751	-0.003471	0.000000
429405980.000000	1.393249	1.122501	-0.003471	0.000000
429406000.000000	1.372901	0.939250	0.001615	0.000000
429406021.000000	1.408509	0.796722	-0.003471	0.000000
429406041.000000	1.413596	0.689826	0.001615	0.000000
429406060.000000	1.423769	0.588021	-0.003471	0.000000
429406081.000000	1.388162	0.526937	-0.003471	0.000000
429406101.000000	1.377988	0.501486	-0.003471	0.000000
429406120.000000	1.393249	0.501486	0.001615	0.000000
429406140.000000	1.408509	0.532028	0.001615	0.000000
429406161.000000	1.428856	0.598201	-0.003471	0.000000
429406181.000000	1.388162	0.700007	-0.003471	0.000000
429406200.000000	1.377988	0.811993	-0.003471	0.000000
429406220.000000	1.383075	0.959611	-0.003471	0.000000
429406240.000000	1.413596	1.142862	-0.003471	0.000000
429406260.000000	1.428856	1.341383	-0.003471	0.000000
429406280.000000	1.393249	1.560265	-0.003471	0.000000
429406300.000000	1.372901	1.774057	-0.003471	0.000000
429406320.000000	1.383075	2.023481	-0.003471	0.000000
429406341.000000	1.418682	2.277995	0.001615	0.000000
429406360.000000	1.423769	2.512148	-0.003471	0.000000
429406380.000000	1.398335	2.746302	-0.003471	0.000000
429406400.000000	1.377988	3.000816	-0.003471	0.000000
429406420.000000	1.393249	3.362226	-0.003471	0.000000
429406441.000000	1.377988	3.586199	0.001615	0.000000
429406461.000000	1.423769	3.672733	-0.003471	0.000000
429406480.000000	1.393249	3.871255	-0.003471	0.000000
429406501.000000	1.383075	4.044324	-0.003471	0.000000
429406521.000000	1.403422	4.197033	-0.003471	0.000000
429406540.000000	1.423769	4.314109	-0.003471	0.000000
429406560.000000	1.372901	4.415915	0.001615	0.000000
429406581.000000	1.423769	4.487179	-0.003471	0.000000
429406600.000000	1.383075	4.487179	0.001615	0.000000
429406620.000000	1.388162	4.487179	0.001615	0.000000
429406640.000000	1.408509	4.451547	-0.003471	0.000000
429406660.000000	1.428856	4.380283	-0.003471	0.000000
429406681.000000	1.383075	4.278477	-0.003471	0.000000
429406701.000000	1.377988	4.161401	-0.003471	0.000000
429406721.000000	1.403422	4.008692	-0.003471	0.000000
429406741.000000	1.418682	3.835623	-0.003471	0.000000
429406761.000000	1.413596	3.632011	-0.003471	0.000000
429406780.000000	1.393249	3.438580	-0.003471	0.000000
429406800.000000	1.372901	3.214608	0.001615	0.000000
429406820.000000	1.398335	2.955003	-0.003471	0.000000
429406841.000000	1.423769	2.725940	-0.003471	0.000000
429406860.000000	1.418682	2.491787	-0.003471	0.000000
429406881.000000	1.383075	2.206731	0.001615	0.000000
429406901.000000	1.372901	1.977668	-0.003471	0.000000
429406921.000000	1.403422	1.738425	-0.003471	0.000000
429406940.000000	1.423769	1.519543	-0.003471	0.000000
429406960.000000	1.423769	1.305751	-0.003471	0.000000
429406980.000000	1.393249	1.122501	-0.003471	0.000000
429407000.000000	1.377988	0.949431	-0.003471	0.000000
429407020.000000	1.428856	0.771271	-0.008556	0.000000
429407041.000000	1.377988	0.628743	-0.003471	0.000000
429407060.000000	1.428856	0.588021	-0.003471	0.000000
429407081.000000	1.398335	0.537118	0.001615	0.000000
429407101.000000	1.372901	0.501486	-0.003471	0.000000
429407120.000000	1.388162	0.501486	-0.003471	0.000000
429407141.000000	1.423769	0.542208	-0.003471	0.000000
429407161.000000	1.377988	0.618562	-0.003471	0.000000
429407181.000000	1.403422	0.740729	-0.003471	0.000000
429407200.000000	1.377988	0.837445	-0.003471	0.000000
429407220.000000	1.398335	0.979973	-0.003471	0.000000
429407240.000000	1.418682	1.142862	-0.003471	0.000000
429407261.000000	1.403422	1.346473	-0.003471	0.000000
429407281.000000	1.383075	1.544994	-0.003471	0.000000
429407300.000000	1.403422	1.830050	-0.003471	0.000000
429407321.000000	1.377988	2.186370	-0.003471	0.000000
429407341.000000	1.418682	2.247454	-0.003471	0.000000
429407361.000000	1.413596	2.522329	0.001615	0.000000
429407380.000000	1.393249	2.751392	-0.003471	0.000000
429407400.000000	1.372901	3.005906	-0.003471	0.000000
429407421.000000	1.403422	3.255330	-0.003471	0.000000
429407440.000000	1.393249	3.530205	-0.003471	0.000000
429407460.000000	1.377988	3.779629	-0.003471	0.000000
429407482.000000	1.377988	3.896706	-0.003471	0.000000
429407501.000000	1.372901	4.054505	-0.003471	0.000000
429407520.000000	1.393249	4.197033	-0.003471	0.000000
429407540.000000	1.418682	4.319200	-0.003471	0.000000
429407560.000000	1.418682	4.400644	-0.003471	0.000000
429407581.000000	1.383075	4.461728	0.001615	0.000000
429407600.000000	1.372901	4.487179	-0.003471	0.000000
429407621.000000	1.403422	4.487179	-0.003471	0.000000
429407641.000000	1.423769	4.451547	-0.003471	0.000000
429407660.000000	1.377988	4.365012	-0.003471	0.000000
429407680.000000	1.377988	4.283568	-0.003471	0.000000
429407700.000000	1.367815	4.166491	0.001615	0.000000
429407720.000000	1.423769	3.952699	-0.003471	0.000000
429407740.000000	1.403422	3.698185	-0.003471	0.000000
429407760.000000	1.423769	3.657463	0.001615	0.000000
429407780.000000	1.388162	3.433490	-0.008556	0.000000
429407800.000000	1.372901	3.209517	0.001615	0.000000
429407820.000000	1.398335	2.965184	-0.003471	0.000000
429407840.000000	1.423769	2.720850	-0.003471	0.000000
429407861.000000	1.408509	2.471426	-0.003471	0.000000
429407880.000000	1.393249	2.227092	-0.003471	0.000000
429407900.000000	1.372901	1.972578	-0.003471	0.000000
429407920.000000	1.398335	1.733335	-0.003471	0.000000
429407940.000000	1.423769	1.514453	-0.003471	0.000000
429407960.000000	1.423769	1.315931	-0.003471	0.000000
429407980.000000	1.388162	1.112320	-0.003471	0.000000
429408000.000000	1.372901	0.944341	-0.003471	0.000000
429408020.000000	1.398335	0.796722	-0.003471	0.000000
429408041.000000	1.423769	0.679646	-0.003471	0.000000
429408060.000000	1.428856	0.593111	-0.003471	0.000000
429408080.000000	1.388162	0.526937	-0.003471	0.000000
429408101.000000	1.367815	0.496396	-0.003471	0.000000
429408120.000000	1.423769	0.506576	-0.003471	0.000000
429408141.000000	1.393249	0.557479	-0.003471	0.000000
429408161.000000	1.393249	0.649104	-0.003471	0.000000
429408181.000000	1.383075	0.694917	-0.003471	0.000000
429408200.000000	1.377988	0.822174	-0.003471	0.000000
429408220.000000	1.393249	0.974882	-0.003471	0.000000
429408240.000000	1.423769	1.153042	-0.003471	0.000000
429408261.000000	1.408509	1.336293	-0.003471	0.000000
429408280.000000	1.393249	1.539904	-0.003471	0.000000
429408302.000000	1.388162	1.799509	-0.003471	0.000000
429408320.000000	1.398335	2.013300	-0.003471	0.000000
429408341.000000	1.423769	2.277995	-0.003471	0.000000
429408360.000000	1.413596	2.517239	-0.003471	0.000000
429408380.000000	1.383075	2.781934	-0.003471	0.000000
429408400.000000	1.377988	3.000816	-0.003471	0.000000
429408420.000000	1.388162	3.234969	-0.003471	0.000000
429408441.000000	1.418682	3.489483	-0.003471	0.000000
429408460.000000	1.428856	3.688004	0.001615	0.000000
429408480.000000	1.383075	3.886525	-0.003471	0.000000
429408501.000000	1.377988	4.049415	-0.003471	0.000000
429408521.000000	1.408509	4.197033	-0.003471	0.000000
429408541.000000	1.403422	4.339561	-0.003471	0.000000
429408562.000000	1.388162	4.405734	0.001615	0.000000
429408581.000000	1.383075	4.461728	-0.003471	0.000000
429408600.000000	1.367815	4.492269	-0.003471	0.000000
429408621.000000	1.408509	4.487179	-0.003471	0.000000
429408641.000000	1.423769	4.451547	-0.003471	0.000000
429408660.000000	1.418682	4.385373	-0.003471	0.000000
429408681.000000	1.377988	4.283568	-0.003471	0.000000
429408701.000000	1.383075	4.151220	-0.003471	0.000000
429408720.000000	1.403422	4.008692	-0.003471	0.000000
429408741.000000	1.418682	3.850893	-0.003471	0.000000
429408760.000000	1.423769	3.642192	-0.003471	0.000000
429408780.000000	1.383075	3.433490	-0.003471	0.000000
429408800.000000	1.372901	3.209517	-0.003471	0.000000
429408820.000000	1.423769	2.893920	-0.003471	0.000000
429408840.000000	1.403422	2.537600	-0.003471	0.000000
429408860.000000	1.413596	2.466336	-0.003471	0.000000
429408880.000000	1.388162	2.216912	-0.003471	0.000000
429408900.000000	1.377988	1.982759	-0.003471	0.000000
429408921.000000	1.413596	1.743515	0.001615	0.000000
429408940.000000	1.423769	1.529723	-0.008556	0.000000
429408961.000000	1.418682	1.315931	-0.003471	0.000000
429408981.000000	1.372901	1.122501	-0.003471	0.000000
429409000.000000	1.372901	0.954521	-0.003471	0.000000
429409020.000000	1.403422	0.801813	-0.003471	0.000000
429409040.000000	1.423769	0.679646	-0.003471	0.000000
429409061.000000	1.413596	0.593111	-0.003471	0.000000
429409080.000000	1.393249	0.532028	-0.003471	0.000000
429409100.000000	1.372901	0.501486	-0.003471	0.000000
429409121.000000	1.408509	0.501486	0.001615	0.000000
429409140.000000	1.428856	0.532028	-0.003471	0.000000
429409160.000000	1.418682	0.598201	-0.003471	0.000000
429409180.000000	1.393249	0.694917	-0.003471	0.000000
429409200.000000	1.372901	0.817083	-0.003471	0.000000
429409221.000000	1.413596	0.979973	-0.003471	0.000000
429409240.000000	1.413596	1.178494	-0.003471	0.000000
429409260.000000	1.372901	1.382105	-0.003471	0.000000
429409280.000000	1.393249	1.519543	-0.003471	0.000000
429409301.000000	1.383075	1.794418	-0.003471	0.000000
429409320.000000	1.403422	2.018391	-0.003471	0.000000
429409340.000000	1.423769	2.267815	0.001615	0.000000
429409361.000000	1.403422	2.522329	-0.003471	0.000000
429409380.000000	1.383075	2.771753	-0.003471	0.000000
429409401.000000	1.377988	3.005906	-0.003471	0.000000
429409420.000000	1.403422	3.255330	-0.003471	0.000000
429409441.000000	1.423769	3.479303	-0.003471	0.000000
429409460.000000	1.423769	3.672733	-0.003471	0.000000
429409480.000000	1.418682	3.927248	-0.003471	0.000000
429409501.000000	1.413596	4.074866	0.001615	0.000000
429409520.000000	1.423769	4.197033	0.001615	0.000000
429409540.000000	1.423769	4.303929	-0.003471	0.000000
429409560.000000	1.418682	4.405734	-0.003471	0.000000
429409580.000000	1.383075	4.461728	-0.003471	0.000000
429409601.000000	1.377988	4.487179	-0.003471	0.000000
429409620.000000	1.403422	4.487179	-0.003471	0.000000
429409640.000000	1.423769	4.451547	-0.003471	0.000000
429409660.000000	1.418682	4.380283	-0.003471	0.000000
429409681.000000	1.377988	4.278477	-0.003471	0.000000
429409701.000000	1.408509	4.079956	-0.003471	0.000000
429409721.000000	1.377988	3.911977	-0.003471	0.000000
429409740.000000	1.423769	3.845803	0.001615	0.000000
429409760.000000	1.418682	3.652372	0.001615	0.000000
429409780.000000	1.377988	3.418219	-0.003471	0.000000
429409801.000000	1.372901	3.199337	-0.003471	0.000000
429409820.000000	1.408509	2.960094	-0.003471	0.000000
429409840.000000	1.423769	2.720850	-0.003471	0.000000
429409860.000000	1.428856	2.486697	-0.003471	0.000000
429409880.000000	1.388162	2.216912	-0.003471	0.000000
429409900.000000	1.383075	1.962398	-0.003471	0.000000
429409920.000000	1.403422	1.743515	-0.003471	0.000000
429409940.000000	1.423769	1.534814	-0.003471	0.000000
429409961.000000	1.413596	1.315931	0.001615	0.000000
429409980.000000	1.383075	1.137771	-0.003471	0.000000
429410000.000000	1.367815	0.944341	-0.003471	0.000000
429410021.000000	1.408509	0.801813	-0.003471	0.000000
429410041.000000	1.423769	0.674556	-0.003471	0.000000
429410060.000000	1.413596	0.588021	-0.003471	0.000000
429410080.000000	1.383075	0.532028	-0.003471	0.000000
429410101.000000	1.393249	0.496396	-0.003471	0.000000
429410121.000000	1.408509	0.501486	-0.003471	0.000000
429410140.000000	1.423769	0.537118	-0.003471	0.000000
429410160.000000	1.408509	0.608382	-0.003471	0.000000
429410181.000000	1.423769	0.710188	-0.003471	0.000000
429410201.000000	1.393249	0.817083	-0.003471	0.000000
429410220.000000	1.423769	1.005424	-0.003471	0.000000
429410244.000000	1.383075	1.147952	0.001615	0.000000
429410261.000000	1.408509	1.295570	-0.003471	0.000000
429410281.000000	1.372901	1.453369	0.001615	0.000000
429410301.000000	1.377988	1.733335	-0.003471	0.000000
429410320.000000	1.398335	2.008210	-0.003471	0.000000
429410342.000000	1.428856	2.277995	-0.003471	0.000000
429410361.000000	1.398335	2.517239	-0.003471	0.000000
429410380.000000	1.383075	2.761572	-0.003471	0.000000
429410400.000000	1.388162	3.031358	-0.003471	0.000000
429410420.000000	1.393249	3.224788	-0.003471	0.000000
429410441.000000	1.428856	3.469122	-0.003471	0.000000
429410461.000000	1.377988	3.479303	-0.003471	0.000000
429410480.000000	1.383075	3.677824	-0.003471	0.000000
429410501.000000	1.383075	4.059595	-0.003471	0.000000
429410520.000000	1.403422	4.191943	-0.003471	0.000000
429410540.000000	1.403422	4.370102	-0.003471	0.000000
429410560.000000	1.398335	4.400644	-0.003471	0.000000
429410581.000000	1.372901	4.461728	-0.003471	0.000000
429410600.000000	1.383075	4.487179	-0.003471	0.000000
429410621.000000	1.408509	4.482089	0.001615	0.000000
429410640.000000	1.423769	4.446457	-0.003471	0.000000
429410660.000000	1.418682	4.385373	-0.003471	0.000000
429410680.000000	1.408509	4.222484	-0.003471	0.000000
429410701.000000	1.383075	4.166491	-0.003471	0.000000
429410720.000000	1.398335	4.018873	-0.003471	0.000000
429410741.000000	1.423769	3.835623	-0.003471	0.000000
429410760.000000	1.403422	3.626921	-0.003471	0.000000
429410780.000000	1.383075	3.418219	-0.003471	0.000000
429410801.000000	1.398335	3.168795	-0.003471	0.000000
429410821.000000	1.403422	2.868468	-0.003471	0.000000
429410840.000000	1.393249	2.649586	-0.003471	0.000000
429410860.000000	1.418682	2.481607	-0.003471	0.000000
429410880.000000	1.393249	2.242363	-0.003471	0.000000
429410900.000000	1.367815	1.972578	0.001615	0.000000
429410920.000000	1.413596	1.733335	-0.003471	0.000000
429410941.000000	1.423769	1.509362	-0.003471	0.000000
429410961.000000	1.418682	1.326112	-0.003471	0.000000
429410981.000000	1.372901	1.122501	0.001615	0.000000
429411000.000000	1.372901	0.944341	0.001615	0.000000
429411021.000000	1.418682	0.791632	0.001615	0.000000
429411041.000000	1.423769	0.674556	0.001615	0.000000
429411060.000000	1.408509	0.588021	-0.003471	0.000000
429411080.000000	1.403422	0.521847	-0.003471	0.000000
429411101.000000	1.403422	0.501486	-0.003471	0.000000
429411120.000000	1.398335	0.506576	-0.003471	0.000000
429411140.000000	1.418682	0.537118	-0.003471	0.000000
429411161.000000	1.403422	0.598201	0.001615	0.000000
429411181.000000	1.372901	0.700007	-0.003471	0.000000
429411200.000000	1.377988	0.822174	-0.003471	0.000000
429411220.000000	1.408509	0.964702	-0.003471	0.000000
429411240.000000	1.423769	1.147952	-0.003471	0.000000
429411260.000000	1.418682	1.336293	0.001615	0.000000
429411280.000000	1.377988	1.565355	0.001615	0.000000
429411300.000000	1.383075	1.768967	-0.003471	0.000000
429411320.000000	1.413596	2.008210	-0.003471	0.000000
429411340.000000	1.423769	2.277995	-0.003471	0.000000
429411361.000000	1.372901	2.563051	-0.003471	0.000000
429411380.000000	1.388162	2.746302	-0.003471	0.000000
429411401.000000	1.383075	3.010996	-0.003471	0.000000
429411420.000000	1.393249	3.219698	-0.003471	0.000000
429411440.000000	1.428856	3.479303	-0.003471	0.000000
429411461.000000	1.403422	3.682914	0.001615	0.000000
429411481.000000	1.377988	3.871255	-0.003471	0.000000
429411500.000000	1.383075	4.054505	-0.003471	0.000000
429411521.000000	1.418682	4.197033	-0.003471	0.000000
429411540.000000	1.418682	4.303929	-0.003471	0.000000
429411560.000000	1.413596	4.400644	-0.003471	0.000000
429411582.000000	1.418682	4.476998	-0.003471	0.000000
429411601.000000	1.388162	4.487179	-0.003471	0.000000
429411620.000000	1.398335	4.471908	-0.003471	0.000000
429411642.000000	1.393249	4.446457	-0.003471	0.000000
429411660.000000	1.403422	4.380283	-0.003471	0.000000
429411681.000000	1.377988	4.268297	-0.003471	0.000000
429411701.000000	1.388162	4.151220	0.001615	0.000000
429411720.000000	1.408509	4.003602	0.001615	0.000000
429411740.000000	1.383075	3.774539	-0.003471	0.000000
429411760.000000	1.372901	3.591289	-0.003471	0.000000
429411780.000000	1.377988	3.418219	-0.003471	0.000000
429411800.000000	1.372901	3.194247	-0.003471	0.000000
429411820.000000	1.377988	2.893920	-0.003471	0.000000
429411847.000000	1.377988	2.731031	0.001615	0.000000
429411860.000000	1.377988	2.476516	-0.003471	0.000000
429411880.000000	1.408509	2.155828	-0.003471	0.000000
429411901.000000	1.383075	1.824960	-0.003471	0.000000
429411921.000000	1.423769	1.718064	-0.003471	0.000000
429411940.000000	1.423769	1.534814	-0.003471	0.000000
429411960.000000	1.418682	1.310841	-0.003471	0.000000
429411980.000000	1.377988	1.117410	0.001615	0.000000
429412002.000000	1.398335	0.939250	-0.003471	0.000000
429412020.000000	1.408509	0.806903	-0.003471	0.000000
429412041.000000	1.423769	0.679646	-0.003471	0.000000
429412060.000000	1.403422	0.593111	-0.003471	0.000000
429412080.000000	1.372901	0.532028	-0.003471	0.000000
429412100.000000	1.377988	0.501486	-0.003471	0.000000
429412120.000000	1.413596	0.501486	-0.003471	0.000000
429412140.000000	1.423769	0.537118	-0.003471	0.000000
429412160.000000	1.413596	0.598201	-0.003471	0.000000
429412180.000000	1.372901	0.694917	-0.003471	0.000000
429412200.000000	1.383075	0.817083	-0.003471	0.000000
429412220.000000	1.408509	0.969792	-0.003471	0.000000
429412241.000000	1.418682	1.147952	-0.003471	0.000000
429412260.000000	1.403422	1.326112	0.001615	0.000000
429412280.000000	1.372901	1.560265	0.001615	0.000000
429412301.000000	1.388162	1.794418	-0.003471	0.000000
429412320.000000	1.403422	2.018391	-0.003471	0.000000
429412340.000000	1.418682	2.257634	-0.003471	0.000000
429412361.000000	1.388162	2.517239	-0.003471	0.000000
429412381.000000	1.372901	2.751392	0.001615	0.000000
429412401.000000	1.393249	3.005906	-0.003471	0.000000
429412420.000000	1.408509	3.240059	-0.003471	0.000000
429412441.000000	1.418682	3.494573	-0.003471	0.000000
429412461.000000	1.393249	3.693095	-0.003471	0.000000
429412481.000000	1.383075	3.881435	0.001615	0.000000
429412500.000000	1.377988	4.039234	0.001615	0.000000
429412520.000000	1.408509	4.181762	-0.003471	0.000000
429412541.000000	1.418682	4.319200	-0.003471	0.000000
429412561.000000	1.388162	4.405734	-0.003471	0.000000
429412581.000000	1.377988	4.476998	-0.003471	0.000000
429412605.000000	1.413596	4.487179	-0.003471	0.000000
429412620.000000	1.408509	4.487179	0.001615	0.000000
429412641.000000	1.418682	4.451547	-0.003471	0.000000
429412660.000000	1.408509	4.390464	0.001615	0.000000
429412681.000000	1.367815	4.288658	0.001615	0.000000
429412700.000000	1.383075	4.156311	-0.003471	0.000000
429412720.000000	1.403422	4.013783	-0.003471	0.000000
429412741.000000	1.423769	3.850893	-0.003471	0.000000
429412760.000000	1.398335	3.642192	0.001615	0.000000
429412780.000000	1.383075	3.438580	-0.003471	0.000000
429412800.000000	1.388162	3.189156	-0.003471	0.000000
429412820.000000	1.413596	2.960094	-0.003471	0.000000
429412841.000000	1.428856	2.710670	-0.003471	0.000000
429412860.000000	1.398335	2.466336	0.001615	0.000000
429412881.000000	1.372901	2.222002	0.001615	0.000000
429412901.000000	1.393249	1.972578	-0.003471	0.000000
429412921.000000	1.418682	1.753696	-0.003471	0.000000
429412940.000000	1.398335	1.483911	-0.003471	0.000000
429412960.000000	1.408509	1.315931	0.001615	0.000000
429412981.000000	1.377988	1.127591	-0.003471	0.000000
429413000.000000	1.383075	0.949431	0.001615	0.000000
429413020.000000	1.408509	0.806903	-0.003471	0.000000
429413040.000000	1.418682	0.674556	-0.003471	0.000000
429413061.000000	1.398335	0.593111	-0.003471	0.000000
429413080.000000	1.377988	0.532028	-0.003471	0.000000
429413101.000000	1.393249	0.501486	-0.003471	0.000000
429413120.000000	1.418682	0.501486	-0.003471	0.000000
429413140.000000	1.423769	0.532028	-0.003471	0.000000
429413160.000000	1.393249	0.598201	-0.003471	0.000000
429413181.000000	1.372901	0.689826	-0.003471	0.000000
429413201.000000	1.398335	0.817083	0.001615	0.000000
429413221.000000	1.418682	0.964702	-0.003471	0.000000
429413240.000000	1.423769	1.132681	-0.003471	0.000000
429413261.000000	1.393249	1.346473	0.001615	0.000000
429413280.000000	1.418682	1.626439	-0.003471	0.000000
429413301.000000	1.403422	1.758786	-0.003471	0.000000
429413320.000000	1.403422	1.992939	-0.003471	0.000000
429413341.000000	1.423769	2.262724	-0.003471	0.000000
429413361.000000	1.388162	2.517239	-0.003471	0.000000
429413381.000000	1.372901	2.761572	-0.003471	0.000000
429413400.000000	1.393249	3.016087	-0.003471	0.000000
429413420.000000	1.408509	3.240059	0.001615	0.000000
429413441.000000	1.413596	3.489483	-0.003471	0.000000
429413460.000000	1.428856	3.759268	-0.003471	0.000000
429413480.000000	1.372901	3.855984	-0.003471	0.000000
429413501.000000	1.393249	4.049415	-0.003471	0.000000
429413520.000000	1.413596	4.191943	-0.003471	0.000000
429413541.000000	1.413596	4.314109	-0.003471	0.000000
429413560.000000	1.398335	4.400644	-0.003471	0.000000
429413580.000000	1.377988	4.461728	-0.003471	0.000000
429413600.000000	1.383075	4.487179	-0.003471	0.000000
429413621.000000	1.413596	4.487179	-0.003471	0.000000
429413640.000000	1.423769	4.456637	-0.003471	0.000000
429413660.000000	1.393249	4.375193	-0.008556	0.000000
429413680.000000	1.383075	4.283568	0.001615	0.000000
429413700.000000	1.372901	4.166491	0.001615	0.000000
429413720.000000	1.418682	4.018873	0.001615	0.000000
429413740.000000	1.423769	3.840713	-0.003471	0.000000
429413761.000000	1.383075	3.621831	-0.003471	0.000000
429413781.000000	1.377988	3.423309	0.001615	0.000000
429413801.000000	1.398335	3.194247	-0.008556	0.000000
429413820.000000	1.418682	2.970274	-0.003471	0.000000
429413841.000000	1.413596	2.690308	-0.003471	0.000000
429413861.000000	1.398335	2.466336	-0.003471	0.000000
429413881.000000	1.377988	2.211822	-0.003471	0.000000
429413901.000000	1.403422	1.967488	-0.003471	0.000000
429413920.000000	1.418682	1.743515	-0.003471	0.000000
429413940.000000	1.428856	1.534814	-0.003471	0.000000
429413960.000000	1.398335	1.310841	-0.003471	0.000000
429413980.000000	1.377988	1.086869	-0.003471	0.000000
429414001.000000	1.423769	0.903618	-0.003471	0.000000
429414020.000000	1.423769	0.796722	0.001615	0.000000
429414040.000000	1.423769	0.674556	-0.003471	0.000000
429414060.000000	1.393249	0.582930	-0.003471	0.000000
429414080.000000	1.423769	0.521847	-0.003471	0.000000
429414100.000000	1.403422	0.506576	-0.003471	0.000000
429414120.000000	1.423769	0.501486	-0.003471	0.000000
429414140.000000	1.423769	0.532028	-0.003471	0.000000
429414161.000000	1.388162	0.598201	-0.003471	0.000000
429414180.000000	1.372901	0.694917	0.001615	0.000000
429414200.000000	1.388162	0.822174	-0.003471	0.000000
429414221.000000	1.423769	0.974882	-0.003471	0.000000
429414240.000000	1.423769	1.137771	-0.003471	0.000000
429414261.000000	1.377988	1.254848	-0.003471	0.000000
429414280.000000	1.367815	1.504272	-0.003471	0.000000
429414300.000000	1.383075	1.774057	-0.003471	0.000000
429414321.000000	1.423769	2.008210	0.001615	0.000000
429414340.000000	1.423769	2.272905	-0.003471	0.000000
429414361.000000	1.377988	2.593593	-0.003471	0.000000
429414380.000000	1.388162	2.797204	-0.003471	0.000000
429414400.000000	1.393249	2.990635	-0.003471	0.000000
429414420.000000	1.418682	3.275691	-0.003471	0.000000
429414440.000000	1.408509	3.489483	-0.003471	0.000000
429414461.000000	1.388162	3.693095	-0.003471	0.000000
429414482.000000	1.372901	3.871255	-0.003471	0.000000
429414500.000000	1.383075	4.044324	-0.003471	0.000000
429414521.000000	1.423769	4.202123	-0.003471	0.000000
429414540.000000	1.423769	4.309019	-0.003471	0.000000
429414561.000000	1.388162	4.405734	-0.003471	0.000000
429414580.000000	1.377988	4.461728	-0.003471	0.000000
429414601.000000	1.403422	4.487179	0.001615	0.000000
429414621.000000	1.418682	4.482089	-0.003471	0.000000
429414641.000000	1.413596	4.446457	-0.003471	0.000000
429414660.000000	1.393249	4.385373	-0.003471	0.000000
429414681.000000	1.372901	4.283568	0.001615	0.000000
429414700.000000	1.372901	4.171581	-0.003471	0.000000
429414720.000000	1.413596	4.018873	-0.003471	0.000000
429414741.000000	1.413596	3.825442	-0.003471	0.000000
429414760.000000	1.408509	3.667643	-0.003471	0.000000
429414780.000000	1.372901	3.418219	-0.003471	0.000000
429414800.000000	1.383075	3.204427	-0.003471	0.000000
429414820.000000	1.418682	2.970274	-0.003471	0.000000
429414840.000000	1.423769	2.715760	-0.003471	0.000000
